trial_ID,block_trial_ID,block,block_type,null_trial,correct_answer,cue,response_modality,trial_type,phase_0,phase_1,phase_2,phase_3,phase_4,phase_5,phase_6,phase_7,trial_duration,trial_start_time,cue_onset_time,stimulus_onset_time,trial_start_time_block,cue_onset_time_block,stimulus_onset_time_block
0,0,0,localizer,False,1,RIGHT,hand,1,0,0.75,1,0.0,0.6,0,1.0,2.65,6.0,0.0,0.75,1.75,0.0,0.75,1.75
1,1,0,localizer,False,0,LEFT,hand,0,0,0.75,1,0.0,0.6,0,1.0,2.65,6.0,6.0,6.75,7.75,6.0,6.75,7.75
2,2,0,localizer,False,1,RIGHT,hand,1,0,0.0,1,0.0,0.6,0,1.0,3.4,6.0,12.0,12.0,13.0,12.0,12.0,13.0
3,3,0,localizer,False,1,RIGHT,hand,1,0,0.75,1,0.0,0.6,0,1.0,2.65,6.0,18.0,18.75,19.75,18.0,18.75,19.75
4,4,0,localizer,False,0,LEFT,hand,0,0,1.5,1,0.0,0.6,0,1.0,1.9,6.0,24.0,25.5,26.5,24.0,25.5,26.5
5,5,0,localizer,False,0,LEFT,hand,0,0,2.25,1,0.0,0.6,0,1.0,1.15,6.0,30.0,32.25,33.25,30.0,32.25,33.25
6,0,1,localizer,False,0,LEFT,hand,0,0,1.5,1,0.0,0.6,0,0.0,2.9,6.0,36.0,37.5,38.5,0.0,1.5,2.5
7,1,1,localizer,False,0,LEFT,hand,0,0,2.25,1,0.0,0.6,0,0.0,2.15,6.0,42.0,44.25,45.25,6.0,8.25,9.25
8,2,1,localizer,False,1,RIGHT,hand,1,0,0.75,1,0.0,0.6,0,0.0,3.65,6.0,48.0,48.75,49.75,12.0,12.75,13.75
9,3,1,localizer,False,1,RIGHT,hand,1,0,0.0,1,0.0,0.6,0,0.0,4.4,6.0,54.0,54.0,55.0,18.0,18.0,19.0
10,4,1,localizer,False,0,LEFT,hand,0,0,1.5,1,0.0,0.6,0,0.0,2.9,6.0,60.0,61.5,62.5,24.0,25.5,26.5
11,5,1,localizer,False,1,RIGHT,hand,1,0,1.5,1,0.0,0.6,0,0.0,2.9,6.0,66.0,67.5,68.5,30.0,31.5,32.5
12,0,2,localizer,False,1,RIGHT,eye,1,0,2.25,1,0.0,0.6,0,0.0,2.15,6.0,72.0,74.25,75.25,0.0,2.25,3.25
13,1,2,localizer,False,0,LEFT,eye,0,0,2.25,1,0.0,0.6,0,0.0,2.15,6.0,78.0,80.25,81.25,6.0,8.25,9.25
14,2,2,localizer,False,0,LEFT,eye,0,0,0.0,1,0.0,0.6,0,0.0,4.4,6.0,84.0,84.0,85.0,12.0,12.0,13.0
15,3,2,localizer,False,1,RIGHT,eye,1,0,2.25,1,0.0,0.6,0,0.0,2.15,6.0,90.0,92.25,93.25,18.0,20.25,21.25
16,4,2,localizer,False,1,RIGHT,eye,1,0,2.25,1,0.0,0.6,0,0.0,2.15,6.0,96.0,98.25,99.25,24.0,26.25,27.25
17,5,2,localizer,False,0,LEFT,eye,0,0,2.25,1,0.0,0.6,0,0.0,2.15,6.0,102.0,104.25,105.25,30.0,32.25,33.25
18,0,3,cognitive_hand,False,0,ACC,hand,2,0,2.25,0,0.0,1.5,0,0.5,0.0,4.25,108.0,110.25,110.25,0.0,2.25,2.25
19,1,3,cognitive_hand,False,0,SPD,hand,0,0,2.25,0,0.0,1.5,0,0.5,0.0,4.25,112.25,114.5,114.5,4.25,6.5,6.5
20,2,3,cognitive_hand,False,1,ACC,hand,3,0,1.5,0,0.0,1.5,0,0.5,0.0,3.5,116.5,118.0,118.0,8.5,10.0,10.0
21,3,3,cognitive_hand,False,0,ACC,hand,2,0,2.25,0,0.0,1.5,0,0.5,0.0,4.25,120.0,122.25,122.25,12.0,14.25,14.25
22,4,3,cognitive_hand,False,1,SPD,hand,1,0,0.75,0,0.0,1.5,0,0.5,0.0,2.75,124.25,125.0,125.0,16.25,17.0,17.0
23,5,3,cognitive_hand,False,1,ACC,hand,3,0,2.25,0,0.0,1.5,0,0.5,0.0,4.25,127.0,129.25,129.25,19.0,21.25,21.25
24,6,3,cognitive_hand,False,1,SPD,hand,1,0,2.25,0,0.0,1.5,0,0.5,0.0,4.25,131.25,133.5,133.5,23.25,25.5,25.5
25,7,3,cognitive_hand,False,0,ACC,hand,2,0,0.75,0,0.0,1.5,0,0.5,0.0,2.75,135.5,136.25,136.25,27.5,28.25,28.25
26,8,3,cognitive_hand,False,1,SPD,hand,1,0,0.75,0,0.0,1.5,0,0.5,0.0,2.75,138.25,139.0,139.0,30.25,31.0,31.0
27,9,3,cognitive_hand,False,0,SPD,hand,0,0,0.75,0,0.0,1.5,0,0.5,0.0,2.75,141.0,141.75,141.75,33.0,33.75,33.75
28,10,3,cognitive_hand,False,0,ACC,hand,2,0,1.5,0,0.0,1.5,0,0.5,0.0,3.5,143.75,145.25,145.25,35.75,37.25,37.25
29,11,3,cognitive_hand,False,1,ACC,hand,3,0,1.5,0,0.0,1.5,0,0.5,0.0,3.5,147.25,148.75,148.75,39.25,40.75,40.75
30,12,3,cognitive_hand,False,0,SPD,hand,0,0,1.5,0,0.0,1.5,0,0.5,0.0,3.5,150.75,152.25,152.25,42.75,44.25,44.25
31,13,3,cognitive_hand,False,1,ACC,hand,3,0,2.25,0,0.0,1.5,0,0.5,0.0,4.25,154.25,156.5,156.5,46.25,48.5,48.5
32,14,3,cognitive_hand,False,1,SPD,hand,1,0,2.25,0,0.0,1.5,0,0.5,0.0,4.25,158.5,160.75,160.75,50.5,52.75,52.75
33,15,3,cognitive_hand,False,0,SPD,hand,0,0,2.25,0,0.0,1.5,0,0.5,0.0,4.25,162.75,165.0,165.0,54.75,57.0,57.0
34,0,4,cognitive_hand,False,1,ACC,hand,3,0,0.0,1,3.25,1.5,0,0.5,2.75,9.0,167.0,167.0,171.25,0.0,0.0,4.25
35,1,4,cognitive_hand,False,1,SPD,hand,1,0,0.75,1,2.5,1.5,0,0.5,2.75,9.0,176.0,176.75,180.25,9.0,9.75,13.25
36,2,4,cognitive_hand,False,0,ACC,hand,2,0,2.25,1,1.75,1.5,0,0.5,2.0,9.0,185.0,187.25,190.0,18.0,20.25,23.0
37,3,4,cognitive_hand,False,0,SPD,hand,0,0,0.0,1,1.75,1.5,0,0.5,4.25,9.0,194.0,194.0,196.75,27.0,27.0,29.75
38,4,4,cognitive_hand,False,1,ACC,hand,3,0,1.5,1,3.25,1.5,0,0.5,1.25,9.0,203.0,204.5,208.75,36.0,37.5,41.75
39,5,4,cognitive_hand,False,0,SPD,hand,0,0,2.25,1,2.5,1.5,0,0.5,1.25,9.0,212.0,214.25,217.75,45.0,47.25,50.75
40,6,4,cognitive_hand,False,1,SPD,hand,1,0,0.0,1,2.5,1.5,0,0.5,3.5,9.0,221.0,221.0,224.5,54.0,54.0,57.5
41,7,4,cognitive_hand,False,0,ACC,hand,2,0,2.25,1,3.25,1.5,0,0.5,0.5,9.0,230.0,232.25,236.5,63.0,65.25,69.5
42,0,5,cognitive_eye,False,1,ACC,eye,3,0,0.75,1,1.0,1.5,0,0.0,4.75,9.0,239.0,239.75,241.75,0.0,0.75,2.75
43,1,5,cognitive_eye,False,0,ACC,eye,2,0,1.5,1,2.5,1.5,0,0.0,2.5,9.0,248.0,249.5,253.0,9.0,10.5,14.0
44,2,5,cognitive_eye,False,0,SPD,eye,0,0,0.0,1,2.5,1.5,0,0.0,4.0,9.0,257.0,257.0,260.5,18.0,18.0,21.5
45,3,5,cognitive_eye,False,1,ACC,eye,3,0,0.0,1,2.5,1.5,0,0.0,4.0,9.0,266.0,266.0,269.5,27.0,27.0,30.5
46,4,5,cognitive_eye,False,1,SPD,eye,1,0,0.0,1,2.5,1.5,0,0.0,4.0,9.0,275.0,275.0,278.5,36.0,36.0,39.5
47,5,5,cognitive_eye,False,1,SPD,eye,1,0,0.75,1,1.75,1.5,0,0.0,4.0,9.0,284.0,284.75,287.5,45.0,45.75,48.5
48,6,5,cognitive_eye,False,0,SPD,eye,0,0,2.25,1,1.75,1.5,0,0.0,2.5,9.0,293.0,295.25,298.0,54.0,56.25,59.0
49,7,5,cognitive_eye,False,0,ACC,eye,2,0,0.0,1,3.25,1.5,0,0.0,3.25,9.0,302.0,302.0,306.25,63.0,63.0,67.25
50,0,6,limbic_hand,False,0,RIGHT,hand,4,0,2.25,1,1.0,1.5,0,0.5,2.75,9.0,311.0,313.25,315.25,0.0,2.25,4.25
51,1,6,limbic_hand,False,1,NEU,hand,1,0,0.75,1,3.25,1.5,0,0.5,2.0,9.0,320.0,320.75,325.0,9.0,9.75,14.0
52,2,6,limbic_hand,False,0,NEU,hand,0,0,0.0,1,1.75,1.5,0,0.5,4.25,9.0,329.0,329.0,331.75,18.0,18.0,20.75
53,3,6,limbic_hand,False,0,LEFT,hand,2,0,0.75,1,1.75,1.5,0,0.5,3.5,9.0,338.0,338.75,341.5,27.0,27.75,30.5
54,4,6,limbic_hand,False,1,RIGHT,hand,5,0,0.0,1,3.25,1.5,0,0.5,2.75,9.0,347.0,347.0,351.25,36.0,36.0,40.25
55,5,6,limbic_hand,False,1,LEFT,hand,3,0,0.75,1,1.0,1.5,0,0.5,4.25,9.0,356.0,356.75,358.75,45.0,45.75,47.75
56,0,7,limbic_eye,False,1,LEFT,eye,3,0,0.0,1,3.25,1.5,0,0.0,3.25,9.0,365.0,365.0,369.25,0.0,0.0,4.25
57,1,7,limbic_eye,False,1,RIGHT,eye,5,0,2.25,1,3.25,1.5,0,0.0,1.0,9.0,374.0,376.25,380.5,9.0,11.25,15.5
58,2,7,limbic_eye,False,0,LEFT,eye,2,0,0.0,1,3.25,1.5,0,0.0,3.25,9.0,383.0,383.0,387.25,18.0,18.0,22.25
59,3,7,limbic_eye,False,0,NEU,eye,0,0,0.0,1,3.25,1.5,0,0.0,3.25,9.0,392.0,392.0,396.25,27.0,27.0,31.25
60,4,7,limbic_eye,False,0,RIGHT,eye,4,0,1.5,1,2.5,1.5,0,0.0,2.5,9.0,401.0,402.5,406.0,36.0,37.5,41.0
61,5,7,limbic_eye,False,1,NEU,eye,1,0,0.0,1,1.75,1.5,0,0.0,4.75,9.0,410.0,410.0,412.75,45.0,45.0,47.75
